11882356.138709 -343424.14733233
11876806.908652 -333839.11359708
11866212.923997 -327785.40808008
11866717.399457 -318704.84980458
11878824.810491 -293985.55227683
11893959.074283 -286418.42038058
11832413.068194 -269266.25474908
11815260.902562 -232944.02164708
11820305.65716 -210747.10141808
11802649.016069 -187541.23026958
11804666.917908 -177451.72107458
11790037.129575 -167362.21187958
11766326.782967 -170389.06463808
11777929.718541 -201666.54314258
11761282.028369 -194603.88670608
11768849.160265 -183505.42659158
11759768.60199 -183000.95113183
11755732.798312 -170389.06463808
11726977.697106 -183505.42659158
11735049.304462 -197630.73946458
11702258.399578 -217809.75785458
11703267.350498 -232439.54618733
11737571.681761 -237988.77624458
11750183.568255 -229412.69342883
11754219.371933 -236475.34986533
11772884.963943 -238493.25170433
11777425.243081 -263212.54923208
11792559.506874 -275824.43572583
11787514.752276 -294490.02773658
11794072.933253 -313155.61974733
11847042.856527 -331316.73629833
11857132.365722 -346955.47555058
